 0.0125401
 0.0393803
 0.0956401
 0.15158
 0.21868
 0.29342
 0.3571
 0.38074
 0.43206
 0.4659
 0.50086
 0.50908
 0.53796
 0.54644
 0.57438
 0.57822
 0.5967
 0.58448
 0.60734
 0.62146
 0.61774
 0.639839
 0.645399
 0.650239
 0.65524
 0.65516
 0.65764
 0.662819
 0.64992
 0.67398
 0.669059
 0.67244
 0.673419
 0.682239
 0.684639
 0.68946
 0.684639
 0.69402
 0.691919
 0.699759
 0.6872
 0.689859
 0.700919
 0.699579
 0.70872
 0.70072
 0.708099
 0.690779
 0.70948
 0.697059
 0.71948
 0.72414
 0.7115
 0.72212
 0.71962
 0.71964
 0.714359
 0.71996
 0.72452
 0.707099
 0.7232
 0.7228
 0.72876
 0.726679
 0.722839
 0.72638
 0.7263
 0.71732
 0.71924
 0.724899
 0.72896
 0.72182
 0.73428
 0.73408
 0.72306
 0.7227
 0.73998
 0.73236
 0.73836
 0.72826
 0.74008
 0.736679
 0.73164
 0.7461
 0.75264
 0.749361
 0.74862
 0.74068
 0.74764
 0.753401
 0.75346
 0.74818
 0.748201
 0.74986
 0.740641
 0.746861
 0.74272
 0.75138
 0.74928
 0.75204
 0.7605
 0.7515
 0.749461
 0.756
 0.75548
 0.7582
 0.75936
 0.75104
 0.74952
 0.75346
 0.745921
 0.75368
 0.75358
 0.75756
 0.75812
 0.751761
 0.759961
 0.75508
 0.762141
 0.74016
 0.76224
 0.75622
 0.750941
 0.76196
 0.753859
 0.76038
 0.75536
 0.7603
 0.7512
 0.74978
 0.757841
 0.76642
 0.75466
 0.7601
 0.759041
 0.762141
 0.74756
 0.7597
 0.76464
 0.762741
 0.76534
 0.772061
 0.761241
 0.77082
 0.758341
 0.757481
 0.76152
 0.762841
 0.751561
 0.759581
 0.760681
 0.751441
 0.76478
 0.75336
 0.75752
 0.76714
 0.75592
 0.76124
 0.76594
 0.766581
 0.766482
 0.766441
 0.7672
 0.761761
 0.7598
 0.772721
 0.76728
 0.770322
 0.7541
 0.761721
 0.772701
 0.76392
 0.767601
 0.772161
 0.767541
 0.770541
 0.768941
 0.76244
 0.773801
 0.76058
 0.76834
 0.766681
 0.7589
 0.773621
 0.767121
 0.767981
 0.76674
 0.763701
 0.775481
 0.77978
 0.763941
 0.775021
 0.77416
 0.76464
 0.76796
 0.775381
 0.773081
 0.76698
 0.773321
 0.768581
 0.777962
 0.777181
 0.767381
 0.772941
 0.76786
 0.77032
 0.770601
 0.77424
 0.7713
 0.776261
 0.7683
 0.776981
 0.77086
 0.762881
 0.77684
 0.776401
 0.782941
 0.767641
 0.775481
 0.765521
 0.771741
 0.768881
 0.7629
 0.78322
 0.776621
 0.775581
 0.779401
 0.771161
